# derived from perf stat -d outputs in this directory (native build)
# case elapsed_s user_s sys_s task_clock_s cycles instructions page_faults pf_per_iter sys_share ipc
add_2pass_serial         0.2888   0.2707   0.0180    0.2884     1637948824      653212269      24665     246.7     6.2%  0.40
add_a_faer               0.5944   2.0121   3.4186    5.4261    29920219081    32308789127    1669532    8347.7    62.9%  1.08
add_a_serial             0.6737   0.2646   0.4089    0.6732     3837275882     5372746019     843968    8439.7    60.7%  1.40
add_bound_faer           0.1877   0.9091   0.2147    1.0741     4271818614      868363407      24731     123.7    19.1%  0.20
add_bound_serial         0.2513   0.2367   0.0145    0.2509     1428836680      544317035      24663     246.6     5.8%  0.38
add_mutc_faer            0.1525   1.9889   0.0621    2.0487    10955801308    21685576928      24984     124.9     3.0%  1.98
add_mutc_serial          0.2487   0.2294   0.0190    0.2480     1410664603      564928621      24667     246.7     7.6%  0.40
full_a_serial            0.2720   0.0260   0.2459    0.2714     1531502475     3002985272     499855    8330.9    90.4%  1.96
full_b_serial            0.0412   0.0352   0.0060    0.0409      232278360      102306004       8280     138.0    14.6%  0.44
sum_a_serial             0.1610   0.1520   0.0070    0.1584      896299229      992020704       8293     103.7     4.4%  1.11
tr_a_faer                0.2327   1.5107   0.8234    2.3318    12340305571    33320336497     509066    8484.4    35.3%  2.70
tr_a_serial              0.9220   0.6479   0.2740    0.9215     5102060993    20511831186     344196    8604.9    29.7%  4.02
tr_assign_faer           0.1120   1.5705   0.0301    1.5993     7944824581    29887237692      17050     284.2     1.9%  3.76
tr_assign_serial         0.7050   0.6919   0.0130    0.7046     3851402644    18559280172      16476     411.9     1.8%  4.82
tr_bound_serial          0.6788   0.6591   0.0196    0.6783     3851990426     1643422827      16470     411.8     2.9%  0.43
zeros_a_serial           0.0015   0.0000   0.0016    0.0013        6338676       10651924        486       1.2   100.0%  1.68
